place(-37.802, 3.500, 8.381, "Shotgunner", 300)
place(-40.246, 3.500, 8.491, "Shotgunner", 300)
place(-40.643, 3.545, 13.685, "Shotgunner", 300)
place(-38.377, 3.545, 13.601, "Shotgunner", 300)
place(-42.305, 3.500, 8.374, "Shotgunner", 300)
place(-42.756, 3.545, 13.713, "Shotgunner", 300)
place(-44.475, 3.500, 8.345, "Shotgunner", 300)
place(-44.814, 3.545, 13.582, "Shotgunner", 300)
place(-46.549, 3.500, 8.297, "Shotgunner", 300)
place(-46.821, 3.545, 13.562, "Shotgunner", 300)
upgrade(-46.821, 4.895, 13.562, 150)
upgrade(-46.549, 4.850, 8.297, 150)
upgrade(-44.475, 4.850, 8.345, 150)
upgrade(-44.814, 4.895, 13.582, 150)
upgrade(-42.756, 4.895, 13.713, 150)
upgrade(-42.305, 4.850, 8.374, 150)
upgrade(-46.821, 4.895, 13.562, 950)
upgrade(-40.246, 4.850, 8.491, 150)
upgrade(-40.643, 4.895, 13.685, 150)
upgrade(-46.549, 4.850, 8.297, 950)
upgrade(-37.802, 4.850, 8.381, 150)
upgrade(-38.377, 4.895, 13.601, 150)
upgrade(-44.814, 4.895, 13.582, 950)
upgrade(-44.475, 4.850, 8.345, 950)
upgrade(-46.549, 4.850, 8.297, 2500)
upgrade(-46.821, 4.895, 13.562, 2500)
upgrade(-44.814, 4.895, 13.582, 2500)
upgrade(-44.475, 4.850, 8.345, 2500)
upgrade(-42.305, 4.850, 8.374, 950)
upgrade(-42.305, 4.850, 8.374, 2500)
upgrade(-42.756, 4.895, 13.713, 950)
upgrade(-42.756, 4.895, 13.713, 2500)
upgrade(-40.246, 4.850, 8.491, 950)
upgrade(-40.246, 4.850, 8.491, 2500)
upgrade(-40.643, 4.895, 13.685, 950)
upgrade(-40.643, 4.895, 13.685, 2500)
upgrade(-37.802, 4.850, 8.381, 950)
upgrade(-38.377, 4.895, 13.601, 950)
upgrade(-37.802, 4.850, 8.381, 2500)
upgrade(-38.377, 4.895, 13.601, 2500)
place(-37.700, 3.500, 6.243, "Shotgunner", 300)
place(-37.619, 3.500, 4.152, "Shotgunner", 300)
place(-37.635, 3.500, 2.064, "Shotgunner", 300)
place(-37.685, 3.500, -0.114, "Shotgunner", 300)
place(-36.262, 3.545, 13.622, "Shotgunner", 300)
place(-34.099, 3.545, 13.779, "Shotgunner", 300)
place(-32.162, 3.545, 12.981, "Shotgunner", 300)
place(-32.340, 3.545, 10.942, "Shotgunner", 300)
place(-32.328, 3.545, 8.795, "Shotgunner", 300)
place(-32.377, 3.545, 6.712, "Shotgunner", 300)
place(-32.416, 3.545, 4.710, "Shotgunner", 300)
place(-32.490, 3.545, 2.581, "Shotgunner", 300)
place(-32.420, 3.545, 0.574, "Shotgunner", 300)
place(-32.353, 3.545, -1.500, "Shotgunner", 300)
place(-37.556, 3.500, -2.217, "Shotgunner", 300)
place(-37.611, 3.500, -4.668, "Shotgunner", 300)
place(-32.345, 3.545, -3.660, "Shotgunner", 300)
place(-37.685, 3.500, -6.837, "Shotgunner", 300)
place(-32.416, 3.545, -5.746, "Shotgunner", 300)
place(-32.407, 3.539, -7.892, "Shotgunner", 300)
place(-32.147, 3.539, -9.916, "Shotgunner", 300)
place(-37.755, 3.500, -8.846, "Shotgunner", 300)
place(-37.738, 3.500, -11.001, "Shotgunner", 300)
place(-29.390, 3.545, 11.678, "Trapper", 500)
place(-29.576, 3.545, 8.627, "Trapper", 500)
place(-29.761, 3.545, 5.571, "Trapper", 500)
place(-26.246, 3.545, 11.733, "Trapper", 500)
place(-26.383, 3.545, 8.556, "Trapper", 500)
place(-45.296, 3.545, 16.191, "Trapper", 500)
place(-46.419, 3.527, 5.655, "Trapper", 500)
upgrade(-37.700, 4.850, 6.243, 150)
upgrade(-37.700, 4.850, 6.243, 950)
upgrade(-36.262, 4.895, 13.622, 150)
upgrade(-36.262, 4.895, 13.622, 950)
upgrade(-34.099, 4.895, 13.779, 150)
upgrade(-34.099, 4.895, 13.779, 950)
upgrade(-32.162, 4.895, 12.981, 150)
upgrade(-32.162, 4.895, 12.981, 950)
upgrade(-32.340, 4.895, 10.942, 150)
upgrade(-32.340, 4.895, 10.942, 950)
upgrade(-32.328, 4.895, 8.795, 150)
upgrade(-32.328, 4.895, 8.795, 950)
upgrade(-32.377, 4.895, 6.712, 150)
upgrade(-32.377, 4.895, 6.712, 950)
upgrade(-37.619, 4.850, 4.152, 150)
upgrade(-37.619, 4.850, 4.152, 950)
upgrade(-32.416, 4.895, 4.710, 150)
upgrade(-32.416, 4.895, 4.710, 950)
upgrade(-32.490, 4.895, 2.581, 150)
upgrade(-32.490, 4.895, 2.581, 950)
upgrade(-37.635, 4.850, 2.064, 150)
upgrade(-37.635, 4.850, 2.064, 950)
upgrade(-45.296, 4.895, 16.191, 500)
upgrade(-45.296, 4.895, 16.191, 1500)
upgrade(-46.419, 4.877, 5.655, 500)
upgrade(-46.419, 4.877, 5.655, 1500)
upgrade(-29.761, 4.895, 5.571, 500)
upgrade(-29.576, 4.895, 8.627, 500)
upgrade(-29.390, 4.895, 11.678, 500)
upgrade(-26.246, 4.895, 11.733, 500)
upgrade(-26.383, 4.895, 8.556, 500)
upgrade(-26.246, 4.895, 11.733, 1500)
upgrade(-26.383, 4.895, 8.556, 1500)
upgrade(-29.761, 4.895, 5.571, 1500)
upgrade(-29.390, 4.895, 11.678, 1500)
upgrade(-29.576, 4.895, 8.627, 1500)
upgrade(-37.685, 4.850, -0.114, 150)
upgrade(-37.685, 4.850, -0.114, 950)
upgrade(-32.420, 4.895, 0.574, 150)
upgrade(-32.420, 4.895, 0.574, 950)
upgrade(-32.353, 4.895, -1.500, 150)
upgrade(-32.353, 4.895, -1.500, 950)
upgrade(-37.556, 4.850, -2.217, 150)
upgrade(-37.556, 4.850, -2.217, 950)
upgrade(-37.611, 4.850, -4.668, 150)
upgrade(-32.345, 4.895, -3.660, 150)
upgrade(-32.416, 4.895, -5.746, 150)
upgrade(-37.685, 4.850, -6.837, 150)
upgrade(-37.755, 4.850, -8.846, 150)
upgrade(-37.738, 4.850, -11.001, 150)
upgrade(-32.147, 4.889, -9.916, 150)
upgrade(-32.407, 4.889, -7.892, 150)
upgrade(-37.611, 4.850, -4.668, 950)
upgrade(-37.685, 4.850, -6.837, 950)
upgrade(-37.755, 4.850, -8.846, 950)
upgrade(-37.738, 4.850, -11.001, 950)
upgrade(-32.345, 4.895, -3.660, 950)
upgrade(-32.416, 4.895, -5.746, 950)
upgrade(-32.407, 4.889, -7.892, 950)
upgrade(-32.147, 4.889, -9.916, 950)
upgrade(-37.700, 4.850, 6.243, 2500)
upgrade(-37.619, 4.850, 4.152, 2500)
upgrade(-37.635, 4.850, 2.064, 2500)
sell(-46.549, 4.850, 8.297)
sell(-46.419, 4.877, 5.655)
sell(-45.296, 4.895, 16.191)
sell(-46.821, 4.895, 13.562)
sell(-44.814, 4.895, 13.582)
sell(-44.475, 4.850, 8.345)
sell(-42.305, 4.850, 8.374)
sell(-42.756, 4.895, 13.713)
sell(-40.643, 4.895, 13.685)
sell(-38.377, 4.895, 13.601)
sell(-36.262, 4.895, 13.622)
sell(-34.099, 4.895, 13.779)
sell(-32.162, 4.895, 12.981)
sell(-32.340, 4.895, 10.942)
sell(-32.328, 4.895, 8.795)
sell(-37.802, 4.850, 8.381)
sell(-40.246, 4.850, 8.491)
sell(-29.390, 4.895, 11.678)
sell(-26.246, 4.895, 11.733)
sell(-26.383, 4.895, 8.556)
sell(-29.576, 4.895, 8.627)
sell(-29.761, 4.895, 5.571)
sell(-32.377, 4.895, 6.712)
sell(-37.700, 4.850, 6.243)
upgrade(-32.147, 4.889, -9.916, 2500)
upgrade(-37.738, 4.850, -11.001, 2500)
upgrade(-37.755, 4.850, -8.846, 2500)
upgrade(-32.407, 4.889, -7.892, 2500)
place(-30.167, 3.545, -10.283, "Shotgunner", 300)
upgrade(-30.167, 4.895, -10.283, 150)
upgrade(-30.167, 4.895, -10.283, 950)
place(-27.952, 3.545, -10.342, "Shotgunner", 300)
upgrade(-27.952, 4.895, -10.342, 150)
upgrade(-27.952, 4.895, -10.342, 950)
place(-25.890, 3.545, -10.198, "Shotgunner", 300)
upgrade(-25.890, 4.895, -10.198, 150)
upgrade(-25.890, 4.895, -10.198, 950)
place(-23.872, 3.651, -10.219, "Shotgunner", 300)
upgrade(-23.872, 5.001, -10.219, 150)
upgrade(-23.872, 5.001, -10.219, 950)
place(-30.232, 3.545, -7.951, "Shotgunner", 300)
upgrade(-30.232, 4.895, -7.951, 150)
upgrade(-30.232, 4.895, -7.951, 950)
place(-28.023, 3.545, -7.934, "Shotgunner", 300)
place(-25.581, 3.545, -7.936, "Shotgunner", 300)
upgrade(-25.581, 4.895, -7.936, 150)
upgrade(-25.581, 4.895, -7.936, 950)
place(-23.424, 3.539, -8.060, "Shotgunner", 300)
upgrade(-23.424, 4.889, -8.060, 150)
upgrade(-23.424, 4.889, -8.060, 950)
upgrade(-28.023, 4.895, -7.934, 150)
upgrade(-28.023, 4.895, -7.934, 950)
place(-17.310, 3.500, -9.161, "Shotgunner", 300)
upgrade(-17.310, 4.850, -9.161, 150)
upgrade(-17.310, 4.850, -9.161, 950)
place(-17.040, 3.500, -11.218, "Shotgunner", 300)
upgrade(-17.040, 4.850, -11.218, 150)
upgrade(-17.040, 4.850, -11.218, 950)
place(-17.137, 3.500, -13.594, "Shotgunner", 300)
upgrade(-17.137, 4.850, -13.594, 150)
upgrade(-17.137, 4.850, -13.594, 950)
place(-17.101, 3.524, -6.963, "Shotgunner", 300)
upgrade(-17.101, 4.874, -6.963, 150)
upgrade(-17.101, 4.874, -6.963, 950)
place(-17.375, 3.525, -4.845, "Shotgunner", 300)
upgrade(-17.375, 4.875, -4.845, 150)
upgrade(-17.375, 4.875, -4.845, 950)
place(-22.749, 3.545, -5.995, "Shotgunner", 300)
upgrade(-22.749, 4.895, -5.995, 150)
upgrade(-22.749, 4.895, -5.995, 950)
place(-17.022, 3.536, -1.904, "Shotgunner", 300)
upgrade(-17.022, 4.886, -1.904, 150)
upgrade(-17.022, 4.886, -1.904, 950)
place(-22.736, 3.545, -3.781, "Shotgunner", 300)
upgrade(-22.736, 4.895, -3.781, 150)
upgrade(-22.736, 4.895, -3.781, 950)
place(-22.694, 3.545, -1.459, "Shotgunner", 300)
upgrade(-22.694, 4.895, -1.459, 150)
upgrade(-22.694, 4.895, -1.459, 950)
