place(-1.682, -0.009, 8.993, "Shotgunner", 450)
upgrade(-1.682, 1.341, 8.993, 225)
place(-2.267, -0.020, 11.447, "Shotgunner", 450)
upgrade(-2.267, 1.330, 11.447, 225)
upgrade(-1.682, 1.341, 8.993, 1425)
upgrade(-2.267, 1.330, 11.447, 1425)
place(1.344, -0.069, 13.349, "Ace Pilot", 825)
upgrade(1.344, -0.069, 13.349, 300)
upgrade(1.344, -0.069, 13.349, 525)
place(-2.139, -0.111, 14.074, "Freezer", 638)
upgrade(-2.139, 1.239, 14.074, 338)
place(4.288, -0.745, 13.230, "Ace Pilot", 825)
upgrade(4.287, -0.745, 13.231, 300)
upgrade(4.287, -0.745, 13.231, 525)
place(-8.270, 0.269, 2.957, "Trapper", 750)
upgrade(-8.270, 1.619, 2.957, 750)
place(-8.259, 0.059, 8.842, "Trapper", 750)
upgrade(-8.259, 1.409, 8.842, 750)
place(-0.737, -0.388, 16.974, "Commander", 1275)
upgrade(-0.737, 1.312, 16.974, 450)
place(1.267, -0.256, 9.323, "Freezer", 638)
upgrade(1.374, 1.113, 9.474, 338)
upgrade(1.374, 1.113, 9.474, 975)
place(3.813, -0.939, 16.268, "Ace Pilot", 825)
upgrade(3.813, -0.939, 16.268, 300)
upgrade(3.813, -0.939, 16.268, 525)
place(-8.502, -0.078, 12.665, "Shotgunner", 450)
upgrade(-8.502, 1.272, 12.665, 225)
upgrade(-8.502, 1.272, 12.665, 1425)
upgrade(-0.737, 1.312, 16.974, 3750)
place(-10.834, 0.090, 9.314, "Shotgunner", 450)
upgrade(-10.834, 1.440, 9.314, 225)
upgrade(-10.834, 1.440, 9.314, 1425)
place(-1.893, 0.187, 3.209, "Shotgunner", 450)
upgrade(-1.893, 1.537, 3.209, 225)
upgrade(-1.893, 1.537, 3.209, 1425)
place(0.561, 0.104, 3.536, "Shotgunner", 450)
upgrade(0.561, 1.454, 3.536, 225)
upgrade(0.561, 1.454, 3.536, 1425)
