place(7.838, 1.037, -24.185, "Shotgunner", 300)
place(5.769, 1.037, -24.322, "Shotgunner", 300)
upgrade(7.838, 2.387, -24.185, 150)
upgrade(5.769, 2.387, -24.322, 150)
place(8.234, 1.037, -21.911, "Shotgunner", 300)
upgrade(8.234, 2.387, -21.911, 150)
place(13.066, 1.037, -24.592, "Shotgunner", 300)
upgrade(13.066, 2.387, -24.592, 150)
place(12.744, 1.037, -19.094, "Trapper", 500)
upgrade(12.744, 2.387, -19.094, 500)
place(5.051, 1.037, -30.851, "Assassin", 200)
upgrade(7.838, 2.387, -24.185, 950)
upgrade(5.051, 2.387, -30.851, 250)
upgrade(13.066, 2.387, -24.592, 950)
upgrade(5.769, 2.387, -24.322, 950)
upgrade(8.234, 2.387, -21.911, 950)
upgrade(12.744, 2.387, -19.094, 1500)
place(7.811, 1.037, -29.697, "Trapper", 500)
upgrade(7.811, 2.387, -29.697, 500)
upgrade(7.811, 2.387, -29.697, 1500)
place(10.968, 1.037, -29.381, "Trapper", 500)
upgrade(10.968, 2.387, -29.381, 500)
place(13.094, 1.037, -26.747, "Shotgunner", 300)
upgrade(13.094, 2.387, -26.747, 150)
upgrade(13.094, 2.387, -26.747, 950)
place(8.951, 1.037, -19.410, "Commander", 850)
upgrade(9.026, 2.737, -19.356, 300)
upgrade(9.026, 2.737, -19.356, 2500)
place(3.833, 1.037, -20.259, "Commander", 850)
upgrade(3.833, 2.737, -20.259, 300)
upgrade(3.833, 2.737, -20.259, 2500)
place(3.211, 1.037, -24.988, "Electroshocker", 725)
upgrade(3.211, 2.387, -24.988, 300)
upgrade(3.211, 2.387, -24.988, 600)
upgrade(3.211, 2.387, -24.988, 2000)
place(-12.060, 1.037, 9.538, "Trapper", 500)
upgrade(-12.060, 2.387, 9.538, 500)
upgrade(-12.060, 2.387, 9.538, 1500)
upgrade(7.838, 2.387, -24.185, 2500)
upgrade(8.234, 2.387, -21.911, 2500)
upgrade(5.769, 2.387, -24.322, 2500)
upgrade(13.066, 2.387, -24.592, 2500)
upgrade(13.094, 2.387, -26.747, 2500)
upgrade(5.051, 2.387, -30.851, 1000)
place(12.345, 1.037, -16.017, "Shotgunner", 300)
upgrade(12.345, 2.387, -16.017, 150)
upgrade(12.345, 2.387, -16.017, 950)
upgrade(12.345, 2.387, -16.017, 2500)
place(9.705, 1.037, -16.638, "Shotgunner", 300)
upgrade(9.705, 2.387, -16.638, 150)
upgrade(9.705, 2.387, -16.638, 950)
upgrade(9.705, 2.387, -16.638, 2500)
place(7.038, 1.037, -16.504, "Commander", 850)
upgrade(7.038, 2.737, -16.504, 300)
upgrade(7.038, 2.737, -16.504, 2500)
upgrade(7.838, 2.387, -24.185, 6500)
upgrade(8.234, 2.387, -21.911, 6500)
upgrade(13.066, 2.387, -24.592, 6500)
upgrade(3.211, 2.387, -24.988, 5000)
place(11.138, 1.037, -13.740, "Electroshocker", 725)
upgrade(11.138, 2.387, -13.740, 300)
upgrade(11.138, 2.387, -13.740, 600)
upgrade(11.138, 2.387, -13.740, 2000)
upgrade(11.138, 2.387, -13.740, 5000)
place(4.087, 1.037, -17.144, "Electroshocker", 725)
upgrade(4.087, 2.387, -17.144, 300)
upgrade(4.087, 2.387, -17.144, 600)
upgrade(4.087, 2.387, -17.144, 2000)
upgrade(4.087, 2.387, -17.144, 5000)
upgrade(13.094, 2.387, -26.747, 6500)
