place(-1.682, -0.009, 8.993, "Shotgunner", 700)
upgrade(-1.682, 1.341, 8.993, 250)
place(-2.267, -0.020, 11.447, "Shotgunner", 593)
upgrade(-2.267, 1.330, 11.447, 547)
upgrade(-2.267, 1.330, 11.447, 322)
upgrade(-1.682, 1.341, 8.993, 1900)
upgrade(-1.682, 1.341, 8.993, 484)
upgrade(-1.682, 1.341, 8.993, 475)
upgrade(-2.267, 1.330, 11.447, 1925)
upgrade(-2.267, 1.330, 11.447, 517)
upgrade(-2.267, 1.330, 11.447, 506)
upgrade(-2.267, 1.330, 11.447, 506)
place(1.344, -0.069, 13.349, "Ace Pilot", 624)
upgrade(1.344, -0.069, 13.349, 449)
upgrade(1.344, -0.069, 13.349, 1257)
place(-2.139, -0.111, 14.074, "Freezer", 776)
upgrade(-2.139, 1.239, 14.074, 893)
upgrade(-2.139, 1.239, 14.074, 559)
upgrade(-2.139, 1.239, 14.074, 1582)
upgrade(-2.139, 1.239, 14.074, 610)
upgrade(-2.139, 1.239, 14.074, 608)
upgrade(-2.139, 1.239, 14.074, 622)
place(4.288, -0.745, 13.230, "Ace Pilot", 1745)
upgrade(4.287, -0.745, 13.231, 942)
upgrade(4.287, -0.745, 13.231, 664)
place(-8.270, 0.269, 2.957, "Trapper", 1252)
upgrade(-8.270, 1.619, 2.957, 754)
place(-8.259, 0.059, 8.842, "Trapper", 1007)
upgrade(-8.259, 1.409, 8.842, 1673)
upgrade(-8.259, 1.409, 8.842, 983)
place(-0.737, -0.388, 16.974, "Commander", 1303)
upgrade(-0.737, 1.312, 16.974, 1078)
upgrade(-0.737, 1.312, 16.974, 630)
place(1.267, -0.256, 9.323, "Freezer", 628)
place(1.374, -0.237, 9.474, "Freezer", 668)
upgrade(1.374, 1.113, 9.474, 1371)
upgrade(1.374, 1.113, 9.474, 1034)
place(3.813, -0.939, 16.268, "Ace Pilot", 1773)
upgrade(3.813, -0.939, 16.268, 948)
upgrade(3.813, -0.939, 16.268, 651)
place(-8.502, -0.078, 12.665, "Shotgunner", 2403)
upgrade(-8.502, 1.272, 12.665, 3553)
upgrade(-8.502, 1.272, 12.665, 3328)
upgrade(-0.737, 1.312, 16.974, 4507)
place(-10.834, 0.090, 9.314, "Shotgunner", 1101)
upgrade(-10.834, 1.440, 9.314, 651)
upgrade(-10.834, 1.440, 9.314, 1726)
place(-1.893, 0.187, 3.209, "Shotgunner", 1651)
upgrade(-1.893, 1.537, 3.209, 2551)
upgrade(-1.893, 1.537, 3.209, 2326)
place(0.561, 0.104, 3.536, "Shotgunner", 901)
upgrade(0.561, 1.454, 3.536, 451)
upgrade(0.561, 1.454, 3.536, 2154)
